           9           9
   5.3333333333333330     
   2.2204460492503131E-016
   8.6666666666666714     
  0.33333333333333426     
   1.1102230246251565E-016
   13.200000000000012     
   2.2482016248659420E-015
   1.9999999999999998     
   1.1102230246251565E-016
   2.2204460492503131E-016
   5.3333333333333330     
   1.8041124150158794E-016
  0.33333333333333515     
   8.6666666666666714     
   1.6653345369377348E-016
   1.9999999999999998     
   3.0253577421035516E-015
   13.200000000000012     
   8.6666666666666714     
   1.8041124150158794E-016
   32.533333333333346     
   2.4424906541753444E-015
   1.1796119636642288E-016
   72.666666666666714     
   8.8888888888896012E-002
   2.8888888888888893     
   9.7144514654701197E-017
  0.33333333333333426     
  0.33333333333333515     
   2.4424906541753444E-015
   3.3333333333333330     
   3.2265856653168612E-015
  0.20000000000000262     
   3.0000000000000027     
   3.0000000000000018     
  0.20000000000000398     
   1.1102230246251565E-016
   8.6666666666666714     
   1.1796119636642288E-016
   3.2265856653168612E-015
   32.533333333333346     
   9.7144514654701197E-017
   2.8888888888888893     
   8.8888888888899550E-002
   72.666666666666714     
   13.200000000000012     
   1.6653345369377348E-016
   72.666666666666714     
  0.20000000000000262     
   9.7144514654701197E-017
   245.12000000000018     
   1.6250889522950729E-014
   4.5333333333333368     
   1.1102230246251565E-016
   2.2482016248659420E-015
   1.9999999999999998     
   8.8888888888896012E-002
   3.0000000000000027     
   2.8888888888888893     
   1.6250889522950729E-014
   12.000000000000004     
   4.4408920985006262E-015
   4.5333333333333368     
   1.9999999999999998     
   3.0253577421035516E-015
   2.8888888888888893     
   3.0000000000000018     
   8.8888888888899550E-002
   4.5333333333333368     
   4.4408920985006262E-015
   12.000000000000004     
   2.1455059950881150E-014
   1.1102230246251565E-016
   13.200000000000012     
   9.7144514654701197E-017
  0.20000000000000398     
   72.666666666666714     
   1.1102230246251565E-016
   4.5333333333333368     
   2.1455059950881150E-014
   245.12000000000018     
