           9           1           2
  0.31050281110373584     
   1.1665433054829266E-003
 -0.10191299853706282     
  -5.0439337120203410E-002
  -2.7453745549430955E-003
   1.7490529794118116E-002
   1.3627175050502994E-002
   6.5845569294983239E-003
   5.4018516055503725E-004
   1.1665433054829078E-003
  0.31050281110373601     
  -2.7453745549430859E-003
  -5.0439337120203494E-002
 -0.10191299853706284     
   5.4018516055503551E-004
   6.5845569294983195E-003
   1.3627175050503020E-002
   1.7490529794118123E-002
