           9           9
  0.40617134546544709     
  -5.8013397766920756E-004
 -0.17114049596713338     
  -1.7742652655766786E-002
  -4.0224701431907381E-004
   2.9490818854596607E-002
   5.8756281833439311E-003
  -3.3197067714657046E-002
   5.6299231583501356E-005
  -5.8013397766920583E-004
  0.40617134546544731     
  -4.0224701431908932E-004
  -1.7742652655766911E-002
 -0.17114049596713343     
   5.6299231583504378E-005
  -3.3197067714657039E-002
   5.8756281833439684E-003
   2.9490818854596621E-002
 -0.17114049596713310     
  -4.0224701431909159E-004
  0.16585729851661507     
   3.1963589964577613E-002
   1.7079196971218054E-003
  -3.9898740160385422E-002
  -9.4365806600120797E-003
  -4.3358842618625932E-003
  -3.3621378536784690E-004
  -1.7742652655766800E-002
  -1.7742652655766942E-002
   3.1963589964577627E-002
  0.56173816624732309     
   3.1963589964577717E-002
  -6.3335955045963153E-003
 -0.14301644680867662     
 -0.14301644680867659     
  -6.3335955045963326E-003
  -4.0224701431907235E-004
 -0.17114049596713321     
   1.7079196971218026E-003
   3.1963589964577613E-002
  0.16585729851661518     
  -3.3621378536784658E-004
  -4.3358842618625749E-003
  -9.4365806600121005E-003
  -3.9898740160385443E-002
   2.9490818854596642E-002
   5.6299231583504866E-005
  -3.9898740160385422E-002
  -6.3335955045963127E-003
  -3.3621378536784696E-004
   1.4308706442826809E-002
   1.9254945141888313E-003
   8.7049381085502675E-004
   6.6196947820487299E-005
   5.8756281833439407E-003
  -3.3197067714656990E-002
  -9.4365806600120814E-003
 -0.14301644680867662     
  -4.3358842618626244E-003
   1.9254945141888317E-003
  0.12540516102362634     
   3.6351318378934953E-002
   8.7049381085503173E-004
  -3.3197067714657039E-002
   5.8756281833439866E-003
  -4.3358842618626027E-003
 -0.14301644680867662     
  -9.4365806600121265E-003
   8.7049381085502794E-004
   3.6351318378934953E-002
  0.12540516102362634     
   1.9254945141888402E-003
   5.6299231583501044E-005
   2.9490818854596625E-002
  -3.3621378536784576E-004
  -6.3335955045963075E-003
  -3.9898740160385436E-002
   6.6196947820487109E-005
   8.7049381085501493E-004
   1.9254945141888320E-003
   1.4308706442826814E-002
