           9           9           2
  0.25468567232327138     
   1.8047063594148235E-003
  0.25964334186100807     
  -3.1514295586300443E-002
  -1.8169288964557380E-003
  -4.5852039930419905E-002
   5.9570510782887371E-003
   3.5929052120680927E-003
   3.5699087560049029E-004
  -4.1377929703806503E-003
  0.12430870546926040     
   7.3076780063419137E-003
  0.13239296982670720     
  -5.5817344786883175E-002
  -1.4373611967105624E-003
  -1.6762019071064744E-002
  -3.3211401179294775E-002
   1.0870980342183796E-002
  -2.2460637232383469     
  -8.8983929059042177E-003
  0.35517456289474086     
  0.33768589587882331     
   1.8482810655794456E-002
  0.11682144015820281     
  -8.8645222769710263E-002
  -4.3555664932227289E-002
  -3.6361957024431818E-003
  -3.8507354150578254E-003
 -0.23649108958270154     
   1.0146226853062748E-002
  0.23521406034658571     
   8.6873106708019759E-002
  -1.8727807715809815E-003
  0.16048718605583290     
  -6.0540345555114033E-002
  -1.6994457519365479E-002
  -2.9866057536867305E-003
  -1.4690210469670100E-002
  -2.3359685019919222E-004
  -9.8713650528087574E-003
   1.3904063809475797E-002
   4.7491557821084459E-005
   2.8458163659619827E-003
   1.0308318254543473E-002
  -3.3753996129952464E-003
   7.2405409372319376     
   2.2551123849846609E-002
  -4.1941470874577877     
  -1.2229862389313257     
  -6.6024578431672171E-002
  0.66786795206933114     
  0.34404181388134386     
  0.16243076919620267     
   1.2993848819929189E-002
   4.3175947444996948E-002
  0.17162244588463876     
  -7.7928561899198306E-002
  -1.3655754734994865     
 -0.14105358469242363     
   1.5452226815546300E-002
  0.36461517241873925     
  0.34816579031050915     
   2.7760568354440660E-002
   7.6078428007343504E-002
   1.7380891499108406E-002
   8.5239729732984090E-002
  -5.1483692341265125E-002
  -1.7864935454076442E-002
  -1.5021995957434840E-002
   1.2064780528200066E-002
   3.5477818513435212E-002
   4.1790168432403272E-003
  -2.4826757822283877E-003
   7.4585223281556187E-002
   4.3846068038051449E-003
   7.9435781896024321E-002
  -3.3490406872129876E-002
  -8.6241671802633616E-004
  -1.0057211442638842E-002
  -1.9926840707576856E-002
   6.5225882053102724E-003
  0.12430870546926034     
  -4.1377929703806729E-003
  -5.5817344786883154E-002
  0.13239296982670726     
   7.3076780063419302E-003
   1.0870980342183789E-002
  -3.3211401179294789E-002
  -1.6762019071064733E-002
  -1.4373611967105652E-003
   1.8047063594148472E-003
  0.25468567232327105     
  -1.8169288964557356E-003
  -3.1514295586300575E-002
  0.25964334186100851     
   3.5699087560048942E-004
   3.5929052120680757E-003
   5.9570510782887224E-003
  -4.5852039930420023E-002
  -1.4690210469670111E-002
  -2.9866057536867274E-003
   1.3904063809475798E-002
  -9.8713650528087747E-003
  -2.3359685019919431E-004
  -3.3753996129952473E-003
   1.0308318254543480E-002
   2.8458163659619831E-003
   4.7491557821084899E-005
 -0.23649108958270143     
  -3.8507354150578966E-003
   8.6873106708019648E-002
  0.23521406034658554     
   1.0146226853062677E-002
  -1.6994457519365461E-002
  -6.0540345555114006E-002
  0.16048718605583295     
  -1.8727807715809652E-003
  -8.8983929059041934E-003
  -2.2460637232383487     
   1.8482810655794463E-002
  0.33768589587882381     
  0.35517456289474120     
  -3.6361957024431831E-003
  -4.3555664932227463E-002
  -8.8645222769710402E-002
  0.11682144015820287     
   7.4585223281556173E-002
  -2.4826757822283851E-003
  -3.3490406872129883E-002
   7.9435781896024321E-002
   4.3846068038051458E-003
   6.5225882053102698E-003
  -1.9926840707576863E-002
  -1.0057211442638830E-002
  -8.6241671802633670E-004
   1.7380891499108438E-002
   7.6078428007343407E-002
  -1.7864935454076445E-002
  -5.1483692341265222E-002
   8.5239729732984285E-002
   4.1790168432403255E-003
   3.5477818513435205E-002
   1.2064780528200038E-002
  -1.5021995957434874E-002
  0.17162244588463832     
   4.3175947444997656E-002
 -0.14105358469242335     
  -1.3655754734994865     
  -7.7928561899198570E-002
   2.7760568354440605E-002
  0.34816579031050909     
  0.36461517241873920     
   1.5452226815546326E-002
   2.2551123849846217E-002
   7.2405409372319420     
  -6.6024578431672129E-002
  -1.2229862389313262     
  -4.1941470874577904     
   1.2993848819929177E-002
  0.16243076919620258     
  0.34404181388134425     
  0.66786795206933125     
