           9           9           2
   3.0000000000000000     
  -8.3266726846886741E-017
   7.3333333333333348     
   6.6613381477509392E-016
  -5.5511151231257827E-017
   11.000000000000011     
   1.5543122344752192E-015
  0.99999999999999978     
   0.0000000000000000     
   2.7755575615628914E-017
  0.33333333333333326     
   2.7755575615628914E-017
  0.33333333333333337     
   1.0408340855860843E-016
   0.0000000000000000     
  0.33333333333333354     
   1.1102230246251565E-016
  0.19999999999999990     
  -7.3333333333333304     
   5.5511151231257827E-017
  0.44444444444444464     
  -1.7763568394002505E-015
   3.4694469519536142E-017
   24.666666666666679     
   5.5511151231257827E-016
  -2.4444444444444429     
   0.0000000000000000     
   7.7715611723760958E-016
 -0.33333333333333309     
   1.7763568394002505E-015
  0.99999999999999978     
  -1.1796119636642288E-016
   2.6645352591003757E-015
   2.3333333333333335     
   5.5511151231257827E-016
 -0.19999999999999984     
   1.1102230246251565E-016
   1.1796119636642288E-016
   6.2450045135165055E-017
   1.1796119636642288E-016
   8.8888888888888837E-002
   9.7144514654701197E-017
   1.0408340855860843E-016
   8.8888888888888906E-002
   1.3877787807814457E-016
   10.999999999999989     
  -1.1102230246251565E-016
  -24.666666666666657     
   3.1086244689504383E-015
  -6.9388939039072284E-017
  -45.000000000000000     
  -5.3290705182007514E-015
   3.6666666666666625     
  -2.7755575615628914E-017
  -1.7763568394002505E-015
  0.33333333333333298     
   5.5511151231257827E-017
  -2.3333333333333317     
   1.0408340855860843E-016
   6.2172489379008766E-015
  0.33333333333333315     
  -1.4432899320127035E-015
  0.19999999999999973     
  0.99999999999999967     
  -1.6653345369377348E-016
   2.4444444444444446     
   5.5511151231257827E-016
  -8.8888888888888837E-002
   3.6666666666666692     
   1.3322676295501878E-015
  0.59999999999999964     
  -1.3877787807814457E-016
   2.7755575615628914E-017
  0.19999999999999990     
   1.3877787807814457E-017
  0.19999999999999998     
   1.3183898417423734E-016
   2.7755575615628914E-017
  0.20000000000000007     
   1.3877787807814457E-016
  0.11999999999999991     
  0.33333333333333326     
   5.5511151231257827E-017
   2.0816681711721685E-016
  0.33333333333333337     
   2.7755575615628914E-017
  0.19999999999999987     
   1.9428902930940239E-016
  0.33333333333333354     
   2.7755575615628914E-017
  -1.1102230246251565E-016
   3.0000000000000000     
  -1.1102230246251565E-016
   1.1102230246251565E-015
   7.3333333333333348     
  -8.3266726846886741E-017
  0.99999999999999978     
   2.2204460492503131E-015
   11.000000000000009     
   7.6327832942979512E-017
   1.1102230246251565E-016
   8.8888888888888851E-002
   6.9388939039072284E-017
   6.9388939039072284E-017
   1.3877787807814457E-016
   8.8888888888888906E-002
   5.5511151231257827E-017
   1.1102230246251565E-016
 -0.33333333333333309     
   3.3306690738754696E-016
  -2.0816681711721685E-016
  0.99999999999999978     
   6.6613381477509392E-016
 -0.19999999999999979     
   7.7715611723760958E-016
   2.3333333333333335     
   1.3322676295501878E-015
   5.5511151231257827E-017
  -7.3333333333333304     
   8.3266726846886741E-017
  -2.6645352591003757E-015
  0.44444444444444464     
   6.9388939039072284E-017
  -2.4444444444444429     
   5.8286708792820718E-016
   24.666666666666679     
  0.19999999999999990     
   8.3266726846886741E-017
   1.7347234759768071E-016
  0.19999999999999996     
   2.7755575615628914E-017
  0.11999999999999990     
   1.8041124150158794E-016
  0.20000000000000007     
   8.3266726846886741E-017
  -8.3266726846886741E-017
  0.99999999999999967     
  -8.8888888888888851E-002
   5.5511151231257827E-016
   2.4444444444444446     
  -1.6653345369377348E-016
  0.59999999999999964     
   1.2212453270876722E-015
   3.6666666666666687     
  0.33333333333333298     
  -6.6613381477509392E-016
   2.0816681711721685E-016
  -2.3333333333333317     
   2.7755575615628914E-017
  0.19999999999999973     
  -1.6653345369377348E-015
  0.33333333333333315     
   2.6645352591003757E-015
  -1.1102230246251565E-016
   10.999999999999989     
  -9.7144514654701197E-017
   4.4408920985006262E-015
  -24.666666666666657     
  -8.3266726846886741E-017
   3.6666666666666625     
  -7.9936057773011271E-015
  -45.000000000000000     
