           9           1           2
   1.0000000000000000     
   1.1102230246251565E-016
  0.66666666666666774     
   2.2204460492503131E-016
   5.5511151231257827E-017
   1.0000000000000011     
   1.1102230246251565E-016
  0.33333333333333326     
   2.7755575615628914E-017
   1.1102230246251565E-016
   1.0000000000000000     
   1.1102230246251565E-016
   3.3306690738754696E-016
  0.66666666666666763     
   8.3266726846886741E-017
  0.33333333333333326     
   2.4980018054066022E-016
   1.0000000000000011     
